274
283
284
286
323
330
331
332
333
334
335
336
337
338
339
377
378
379
380
381
382
383
384
385
386
387
388
426
427
428
429
430
431
432
433
434
435
436
437
438
477
478
479
480
481
482
483
484
500
529
530
531
532
533
534
535
536
537
538
539
540
569
574
581
582
583
584
586
587
589
601
615
617
619
621
627
631
633
635
636
637
649
651
662
664
669
671
678
682
683
684
695
696
697
706
712
713
722
737
738
747
752
761
775
787
807
817
826
842
848
849
860
861
865
875
1426
1427
1428
1430
1476
1477
1478
1479
1480
1481
1482
1483
1484
1526
1527
1528
1529
1530
1531
1532
1533
1534
1535
1536
1577
1578
1579
1580
1581
1582
1583
1584
1585
1586
1587
1588
1626
1627
1628
1629
1630
1631
1632
1633
1634
1635
1636
1674
1675
1676
1677
1678
1679
1680
1681
1682
1719
1720
1721
1722
1723
1724
1725
1760
1761
1762
1763
1764
1765
