2.507610678588112962e-04
2.551872667443109196e-04
2.539793378961694207e-04
2.575387360057666136e-04
2.706209332413263475e-04
2.588873421435080951e-04
2.540831255561894686e-04
2.529912407729661169e-04
2.514089755754769589e-04
2.441441993935901931e-04
2.471579125544331340e-04
2.414840645368930626e-04
2.472030311937790980e-04
2.447068794729128694e-04
2.447347430425361693e-04
2.376319480462279229e-04
2.387748046256553576e-04
2.419935832112801851e-04
2.335739680427004650e-04
2.346916217481628624e-04
2.320313435200271771e-04
2.349873380092357318e-04
2.059829301260791379e-04
2.062911189526310508e-04
2.067045156782351309e-04
2.058721113640719187e-04
2.064647328952621185e-04
2.092293853981544286e-04
2.164747972034872800e-04
2.117635949637608332e-04
2.204027928358311074e-04
2.179393927646361916e-04
2.188398900752732746e-04
2.292715463757447991e-04
2.240557223847516486e-04
2.224916910960018316e-04
2.201466681757024871e-04
2.152309098750132890e-04
2.154418325393703422e-04
2.162195619559301109e-04
2.139334174915564352e-04
2.083623370949443468e-04
2.079854410583147030e-04
2.205569737310923738e-04
2.242579316418341314e-04
2.224478462661929657e-04
2.208885175189767591e-04
2.198177339698437508e-04
2.150789454675528303e-04
2.168573887105800413e-04
2.102542341547922590e-04
2.110690311171279526e-04
2.015918380140489026e-04
2.021019253063599031e-04
1.950436258270578154e-04
1.932387193697042763e-04
1.914805302211073116e-04
1.914022633511752800e-04
1.894002823086142527e-04
2.620954298960687659e-05
3.043772447400170468e-05
5.364242234380235214e-05
8.846465387440336512e-05
8.813268937092049869e-05
9.090507982893317521e-05
2.205805186556532619e-04
3.757507825125689553e-04
3.960828289176533418e-04
4.429730068169668473e-04
1.948131567984103625e-04
2.329088098987352757e-04
2.393128761739001854e-04
2.469241958853751230e-04
2.576909316695313260e-04
2.673218436954483005e-04
2.800475841601427407e-04
2.898928675789373840e-04
2.962342573885366282e-04
3.112283026400721104e-04
3.284808830699436385e-04
2.923786769103062211e-04
2.965289257208819531e-04
2.960126218995954715e-04
2.979838979049711156e-04
3.024024232151181790e-04
2.926740770806587877e-04
2.960796978534159865e-04
2.973319247906663172e-04
2.968981257569710012e-04
2.931770628123915069e-04
2.911369525622176341e-04
2.872549405547808942e-04
2.365292822798845509e-04
2.474053057564562529e-04
2.532245112589872130e-04
2.420240573552249791e-04
2.535661613457754898e-04
2.596827812016853834e-04
2.469632784959905378e-04
2.549925548010779095e-04
2.596111753626382341e-04
2.511685305026087117e-04
2.516972884173765152e-04
2.526683122556097703e-04
2.416225068397676501e-04
2.430011833960370312e-04
2.409129316572477413e-04
2.377061961203019280e-04
2.453275147734705858e-04
2.487319314261584517e-04
2.530320821101172480e-04
2.508432694255965760e-04
2.419746699121522789e-04
2.295942981457892640e-04
2.328641413972446872e-04
2.320764916567320964e-04
2.305374037873373120e-04
2.307986443183091235e-04
2.303230018257700009e-04
2.279996626525145900e-04
2.259591719070847004e-04
2.291366042081846338e-04
2.255692847759006772e-04
2.240425059737184157e-04
2.293959627659939305e-04
2.283487228772503985e-04
2.265822684787976451e-04
2.230273511118243930e-04
2.202513943835392564e-04
2.196906773398076473e-04
2.245058429835063022e-04
2.225953872274566078e-04
2.261288616694989641e-04
2.225847639524591902e-04
2.035060453831981483e-04
2.086900596689260324e-04
2.077797535960279780e-04
2.070371430814126339e-04
2.064466949905420534e-04
2.154447533076831790e-04
2.207513016717372743e-04
2.182011881629976140e-04
2.191890248905626519e-04
2.164613279020088628e-04
2.133068680870395283e-04
1.989053090605998194e-04
1.931441070657002922e-04
1.988922518783374884e-04
2.024751639033574681e-04
2.158301937687760611e-04
2.162357858562986065e-04
2.167660736113035671e-04
2.176213815572267682e-04
2.159334630240004015e-04
2.205247001542717366e-04
2.320631708111189017e-04
2.484848764867062269e-04
2.616275806484017093e-04
3.153000677258900207e-04
1.825805343498504766e-04
1.686822140121683881e-04
9.585002297816629774e-05
2.952680808689660437e-04
3.179345148447163070e-04
3.152426001089288330e-04
1.030982648005922552e-04
3.167116411558592367e-05
3.244746705283519696e-04
1.056849959847472721e-04
3.000722817076651393e-04
1.220945432004720164e-04
1.198937670361404804e-04
1.060354756354466883e-04
9.054078914957485336e-05
1.523734056779613025e-04
1.188562864254658394e-04
9.611415721160788961e-05
1.215382290213414294e-04
1.177335458512568194e-04
