228
268
269
270
271
272
273
274
275
276
277
278
279
280
281
282
283
284
316
317
318
319
320
321
322
323
324
325
326
327
328
329
330
331
332
333
334
335
336
337
338
339
366
367
368
369
370
371
372
373
374
375
376
377
378
379
380
381
382
383
384
385
386
387
388
389
417
418
419
420
421
422
423
424
425
426
427
428
429
430
431
432
433
434
435
436
437
438
439
440
468
469
470
473
474
475
476
477
478
479
480
481
482
483
484
485
486
487
488
489
490
491
521
522
524
525
526
527
528
529
530
531
532
533
534
535
536
537
538
539
540
541
542
543
550
564
571
572
573
574
575
576
577
578
579
580
581
582
583
584
585
586
587
588
589
590
591
592
593
594
600
601
613
620
621
622
623
624
625
626
627
628
629
630
631
632
633
634
635
636
637
638
639
640
641
642
643
648
649
650
660
661
662
667
668
669
670
671
672
673
674
675
676
677
678
679
680
681
682
683
684
685
686
687
688
695
696
705
711
712
713
714
715
716
717
718
719
720
721
722
723
724
725
726
727
728
729
730
745
751
752
753
754
755
756
757
758
759
760
761
762
763
764
765
766
767
768
773
782
786
787
788
789
790
791
792
793
794
795
796
797
798
799
800
801
817
818
819
820
821
822
823
824
825
826
827
828
842
843
844
845
846
847
848
849
858
860
861
862
863
864
865
866
873
874
875
876
881
1529
1582
1583
1629
1632
1633
1677
1681
