9.109019269337837679e-09
9.475371134338634943e-12
1.345500429866184430e-11
1.116042142563296910e-12
1.230112749534829922e-12
1.725617123019692484e-12
1.171268486917604657e-14
2.206008567595469118e-15
2.174000530360040880e-05
8.979347064960483896e-06
1.066353226707988781e-05
1.145814001358607038e-05
1.358116673206714230e-05
1.591687461589419569e-05
1.749146387116195362e-05
1.891046645225132939e-05
2.184345505092129524e-05
2.526478368949599575e-05
2.927124516415674529e-05
3.017254544833662875e-05
7.764673354742316033e-06
1.107427660355421741e-06
1.475955676934638681e-06
1.321570791358402145e-07
1.006497020644437710e-08
1.278390850897876696e-06
1.860157820655784007e-06
2.709457597575149647e-06
3.701944162718455441e-06
4.626860180775330429e-06
5.565884445597056318e-06
6.541098065953842964e-06
7.601622087118086939e-06
8.728039328303446647e-06
1.016326132983594398e-05
1.186433112224009920e-05
1.363725376863700591e-05
1.457684122845085359e-05
7.846309271763664592e-06
5.958919898524207303e-06
6.532706837836513080e-06
5.406896880730794160e-06
4.594084624151083473e-06
4.932896093190292664e-06
4.699040684018069769e-06
4.335392252021321813e-06
3.851691354426177517e-06
4.312195413555050702e-06
3.604103166827039776e-06
4.218276912458518435e-06
4.611381618889409618e-06
4.504608082990619774e-06
4.293168221037188618e-06
4.006414567336117381e-06
3.918680335169556288e-06
4.074172120786912640e-06
3.789159468294765354e-06
3.458006371268890713e-06
3.687289255489048371e-06
3.634664317739717002e-06
3.454107269881671616e-06
3.056833401419520634e-06
3.401784195709363129e-06
3.288779133598965132e-06
3.007493196221392276e-06
2.625746679268391853e-06
2.559452288786690691e-06
2.778016729588063989e-06
2.668297890697744350e-06
2.621856885970680305e-06
2.357174206874951035e-06
2.132497570076155664e-06
1.830967780626418700e-06
1.003877071533257615e-06
9.692477403559055969e-07
1.005301346871675618e-06
9.194112896180920277e-07
9.724119624478184646e-07
1.094847368981914654e-06
1.137499410298967788e-06
1.292724069447573574e-06
1.443544961342055374e-06
1.395879448459667032e-06
1.291524228331817585e-06
1.225833030236517584e-06
1.063997040374297885e-06
1.019594209878482442e-06
1.000154666007587778e-06
8.853065257955761971e-07
1.035342139079938452e-06
1.107977458407363968e-06
1.156966142772526339e-06
1.210931463582589914e-06
1.017307065899638024e-06
8.470904861275255877e-07
8.068174734536226843e-07
1.163400921766700271e-07
1.035188871162092302e-07
1.235558477680916460e-07
1.225157844258276500e-07
1.865443001579484926e-07
1.895458381957034585e-07
1.659230427393999045e-07
1.432180075480310891e-07
1.215337588139547528e-07
1.220517645349069484e-07
1.226909506526205164e-07
1.184370218688645734e-07
1.271466027075000509e-07
1.528293971018966696e-07
1.253787034343660212e-07
8.893140174345179234e-08
9.560680729240202532e-08
1.029097303261377011e-07
1.544235795902152461e-07
2.282164351042696763e-07
2.941173066483666741e-07
2.894059875715684063e-07
3.954536406237100601e-09
5.773838416891005666e-09
8.562848390919484168e-09
5.627813082245794843e-09
2.551218335611879491e-09
1.002675075495207366e-09
1.408540903164245074e-10
4.131183585646237663e-11
1.902063090401412407e-09
4.532000240377142969e-09
7.690354825771412828e-09
1.011537459356565009e-08
1.598353428109323018e-08
1.162117344753873087e-08
7.476210095609799495e-09
3.992597799834849014e-09
1.860044704041171205e-09
8.172967574231179469e-10
6.934856118185156700e-10
1.950327724303254111e-09
5.527869895512667422e-09
7.390391804222756520e-09
2.846989782544777012e-12
2.423512042200219576e-12
6.386646447774549346e-13
1.485339554863920909e-12
2.134756625032642286e-12
3.076363686985217533e-12
9.452867078610839078e-13
1.127830703088025222e-12
3.639620769099652673e-12
4.105715649881391177e-12
2.655764228212516256e-12
1.190637826937610627e-12
1.715200201263066543e-12
4.673152439057528514e-13
8.448212976310293174e-13
3.499187308290826244e-12
3.636577685644341988e-12
1.574788948682022189e-12
6.522599342300256440e-12
3.485316433171763207e-12
5.085366154786130808e-12
4.723405847698665590e-12
2.389208665615863867e-12
4.484170228348103593e-12
2.958504917805017011e-12
2.088967405819690842e-12
1.959974201340156366e-12
1.523990824157221826e-12
1.029060262680024076e-12
3.596213051022691622e-13
7.738988927025855097e-13
6.841558476809177800e-13
1.255264839578804804e-13
5.527809368611396844e-15
7.708910677929423084e-15
2.948003903903561023e-13
3.088321171168782618e-13
5.009195214466338133e-13
7.353334747697100141e-13
1.840178241967473376e-12
2.026846408678956231e-12
1.982206176991298895e-12
1.639392251520949706e-12
1.168287231246542118e-12
1.515838415603041874e-12
1.202324948952008107e-12
7.619786658680474013e-13
8.288633452625119373e-15
6.368282913021680897e-15
4.544119397660353247e-13
2.004070626577947457e-13
4.441003540159480365e-13
2.182106512549845846e-13
2.230636650786985098e-15
3.206136349516453051e-15
6.090992900411522178e-15
4.763627460867581458e-15
2.253636872857748661e-15
5.561486736262142313e-16
4.338944803140149363e-15
3.226115838514589519e-15
4.176903297935415216e-15
3.064843663567638879e-15
3.442030015774215347e-15
2.199444575716194652e-15
1.059593261404162286e-15
1.689938914694846713e-15
3.746066988802940947e-15
4.552866381591917387e-15
5.551582022030153859e-15
8.215533905632287291e-16
1.703430169668770442e-15
5.804202363482069403e-15
3.209664676401246252e-15
3.313646739965446226e-15
1.087001773690075551e-15
3.436422562125897969e-15
4.564457746079687526e-15
3.959276856190109966e-15
2.387099261830824491e-15
2.768770466637713636e-15
2.665071723074031144e-18
7.407494149569226627e-19
1.029965586080473088e-18
1.401274434968461065e-18
7.260779200762968911e-19
7.916369651144180939e-19
2.400435896778576111e-19
3.071660412470090495e-20
1.165167765553765664e-18
2.875385556703697981e-19
5.466137977941609707e-19
1.565471878510860441e-18
9.006158393681807795e-19
6.061593035121253380e-19
1.630787510103273025e-18
1.039048052458675966e-18
5.265050825341295491e-19
1.746670416613880054e-18
9.219852577128427758e-19
7.382297969968100788e-19
1.460301149350546744e-18
1.048914064981306926e-18
9.693489704486340424e-19
0.000000000000000000e+00
0.000000000000000000e+00
0.000000000000000000e+00
0.000000000000000000e+00
0.000000000000000000e+00
0.000000000000000000e+00
0.000000000000000000e+00
0.000000000000000000e+00
0.000000000000000000e+00
0.000000000000000000e+00
0.000000000000000000e+00
0.000000000000000000e+00
0.000000000000000000e+00
0.000000000000000000e+00
0.000000000000000000e+00
0.000000000000000000e+00
0.000000000000000000e+00
0.000000000000000000e+00
5.907519049535324935e-27
0.000000000000000000e+00
0.000000000000000000e+00
0.000000000000000000e+00
0.000000000000000000e+00
0.000000000000000000e+00
0.000000000000000000e+00
0.000000000000000000e+00
0.000000000000000000e+00
0.000000000000000000e+00
0.000000000000000000e+00
0.000000000000000000e+00
0.000000000000000000e+00
0.000000000000000000e+00
0.000000000000000000e+00
0.000000000000000000e+00
0.000000000000000000e+00
0.000000000000000000e+00
0.000000000000000000e+00
0.000000000000000000e+00
0.000000000000000000e+00
0.000000000000000000e+00
0.000000000000000000e+00
0.000000000000000000e+00
0.000000000000000000e+00
0.000000000000000000e+00
0.000000000000000000e+00
0.000000000000000000e+00
0.000000000000000000e+00
0.000000000000000000e+00
0.000000000000000000e+00
0.000000000000000000e+00
0.000000000000000000e+00
0.000000000000000000e+00
0.000000000000000000e+00
0.000000000000000000e+00
0.000000000000000000e+00
0.000000000000000000e+00
0.000000000000000000e+00
0.000000000000000000e+00
0.000000000000000000e+00
0.000000000000000000e+00
0.000000000000000000e+00
0.000000000000000000e+00
0.000000000000000000e+00
0.000000000000000000e+00
0.000000000000000000e+00
0.000000000000000000e+00
0.000000000000000000e+00
0.000000000000000000e+00
