2.852621870337636333e-04
2.910385764588366937e-04
4.934669720687837784e-04
2.269242230441270161e-04
4.111163451565725928e-04
2.500886552221233926e-04
0.000000000000000000e+00
0.000000000000000000e+00
0.000000000000000000e+00
3.304403305128944925e-04
1.666349951972875387e-04
2.883474700822160957e-04
3.935203278666276868e-04
5.239267954082303539e-04
5.953767306335855337e-04
2.056603288899036259e-04
3.791237409516355324e-04
1.683861599912540744e-04
3.805565565465599703e-04
7.980633410330832678e-03
4.114975158519793529e-03
3.279543577364854383e-04
3.987007775499441450e-03
9.454623957082934280e-03
3.254311512544194119e-04
2.139818877867372758e-06
8.100001926779309665e-04
4.417824465683703287e-03
6.840653853668519913e-03
7.503350019416712806e-03
6.992316302006078288e-03
3.276648393667680112e-03
3.721956248674115200e-06
4.953449998756101437e-05
2.908750529532548547e-04
3.565987003269822410e-04
1.078404271382140105e-04
1.607877374616103932e-08
4.847172829279185214e-08
